V1r = [0.0	0.4379097313982237	-1.073517008695661	0.0
    0.0	0.4416095120167778	-1.0830536684666054	0.0;
    0.0	0.44516581968489344	-1.0922349137351863	0.0;
    0.0	0.4485823479507848	-1.1010688633820973	0.0;
    0.0	0.4518625448512895	-1.1095630664077087	0.0;
    0.0	0.4550096320646645	-1.117724547980134	0.0;
    0.0	0.45802662197058647	-1.125559850503619	0.0;
    0.0	0.4609163328811079	-1.1330750703342996	0.0;
    0.0	0.46368140266752755	-1.1402758906778616	0.0;
    0.0	0.4663243009757499	-1.14716761112643	0.0;
    0.0	0.46884734019557756	-1.153755174227333	0.0;
    0.0	0.4712526853265451	-1.1600431894219692	0.0;
    0.0	0.47354236286358453	-1.166035954646972	0.0;
    0.0	0.4757182688094509	-1.1717374758508956	0.0;
    0.0	0.47778217590687294	-1.1771514846463846	0.0;
    0.0	0.47973574017145604	-1.182281454289394	0.0;
    0.0	0.4815805067961499	-1.1871306141526843	0.0;
    0.0	0.483317915489243	-1.1917019628398073	0.0;
    0.0	0.48494930530025354	-1.1959982800677191	0.0;
    0.0	0.4864759189814432	-1.200022137430393	0.0;
    0.0	0.48789890692694354	-1.2037759081421737	0.0;
    0.0	0.4892193307264325	-1.2072617758476472	0.0;
    0.0	0.49043816636588833	-1.210481742574338	0.0;
    0.0	0.49155630710405207	-1.2134376358953216	0.0;
    0.0	0.4925745660497848	-1.2161311153607097	0.0;
    0.0	0.493493678462438	-1.2185636782497087	0.0;
    0.0	0.4943143037946292	-1.2207366646885305	0.0;
    0.0	0.495037027494341	-1.2226512621736159	0.0;
    0.0	0.4956623625810532	-1.2243085095344393	0.0;
    0.0	0.4961907510085929	-1.22570930036541	0.0;
    0.0	0.4966225648255338	-1.226854385952059	0.0;
    0.0	0.4969581071422727	-1.2277443777127108	0.0;
    0.0	0.4971976129123174	-1.228379749173131	0.0;
    0.0	0.4973412495338304	-1.228760837488164	0.0;
    0.0	0.497389117276046	-1.2288878445210756	0.0;
    0.0	0.4973412495338304	-1.228760837488164	0.0;
    0.0	0.4971976129123174	-1.228379749173131	0.0;
    0.0	0.4969581071422727	-1.2277443777127108	0.0;
    0.0	0.4966225648255338	-1.226854385952059	0.0;
    0.0	0.4961907510085929	-1.22570930036541	0.0;
    0.0	0.4956623625810532	-1.2243085095344393	0.0;
    0.0	0.495037027494341	-1.2226512621736159	0.0;
    0.0	0.4943143037946292	-1.2207366646885305	0.0;
    0.0	0.493493678462438	-1.2185636782497087	0.0;
    0.0	0.4925745660497848	-1.2161311153607097	0.0;
    0.0	0.49155630710405207	-1.2134376358953216	0.0;
    0.0	0.49043816636588833	-1.210481742574338	0.0;
    0.0	0.4892193307264325	-1.2072617758476472	0.0;
    0.0	0.48789890692694354	-1.2037759081421737	0.0;
    0.0	0.4864759189814432	-1.200022137430393	0.0;
    0.0	0.48494930530025354	-1.1959982800677191	0.0;
    0.0	0.48331791548924297	-1.1917019628398071	0.0;
    0.0	0.4815805067961499	-1.1871306141526843	0.0;
    0.0	0.4797357401714563	-1.1822814542893947	0.0;
    0.0	0.47778217590687294	-1.1771514846463846	0.0;
    0.0	0.4757182688094509	-1.1717374758508956	0.0;
    0.0	0.47354236286358453	-1.166035954646972	0.0;
    0.0	0.4712526853265451	-1.1600431894219692	0.0;
    0.0	0.46884734019557794	-1.1537551742273338	0.0;
    0.0	0.4663243009757499	-1.14716761112643	0.0;
    0.0	0.46368140266752755	-1.1402758906778616	0.0;
    0.0	0.4609163328811079	-1.1330750703342996	0.0;
    0.0	0.45802662197058647	-1.125559850503619	0.0;
    0.0	0.4550096320646645	-1.117724547980134	0.0;
    0.0	0.4518625448512895	-1.1095630664077087	0.0;
    0.0	0.4485823479507848	-1.1010688633820973	0.0;
    0.0	0.44516581968489344	-1.0922349137351863	0.0;
    0.0	0.4416095120167778	-1.0830536684666054	0.0;
    0.0	0.4379097313982237	-1.073517008695661	0.0;
    0.0	0.4340625172135859	-1.0636161938951347	0.0;
    0.0	0.4340625172135859	-1.0636161938951347	0.0;
    0.0	0.4340625172135859	-1.0636161938951347	0.0;
    0.0	0.4340625172135859	-1.0636161938951347	0.0;
    0.0	0.4340625172135859	-1.0636161938951347	0.0;
    0.0	0.4340625172135859	-1.0636161938951347	0.0;
    0.0	0.4340625172135859	-1.0636161938951347	0.0;
    0.0	0.4340625172135859	-1.0636161938951347	0.0;
    0.0	0.4340625172135859	-1.0636161938951347	0.0;
    -0.03154398227414799	0.3359905725171711	-1.1555878165310844	1.0;
    -0.03164201071545434	0.35313685712723075	-1.191563617337417	1.0;
    -0.03154665762421433	0.3722645910981124	-1.2260148668426663	1.0;
    -0.03132471562533676	0.3910648580117798	-1.258952262192295	1.0;
    -0.031093418427190374	0.4058512946245485	-1.2905979236842764	1.0;
    -0.030395788011270384	0.4218893960986215	-1.3212612482292907	1.0;
    -0.029336728886745107	0.4358240805222349	-1.3508806876902868	1.0;
    -0.028003497359916047	0.44814161428225346	-1.3794315516161655	1.0;
    -0.026456672854017094	0.4596656120624198	-1.4069397502045815	1.0;
    -0.024716370650442215	0.4703935370198746	-1.4334301043049176	1.0;
    -0.02279347848898607	0.48033477449853557	-1.4589215854335662	1.0;
    -0.020691813702945573	0.4895309119235956	-1.4834326128335138	1.0;
    -0.01841257749094596	0.4980520063683531	-1.506978132982606	1.0;
    -0.01596290973953725	0.5059536765156928	-1.5295664082221025	1.0;
    -0.013356842481430195	0.5132665981220336	-1.551199261116883	1.0;
    -0.010610074298114029	0.5200192200153377	-1.5718753430398418	1.0;
    -0.007742535573735507	0.5262099002983388	-1.591589508007949	1.0;
    -0.004779221471272714	0.5318144828033906	-1.6103322430870004	1.0;
    -0.0017553098973867862	0.5367638504107759	-1.6280923338103843	1.0;
    0.0013048245379963087	0.5410350110195485	-1.644864352289807	1.0;
    0.00438990237146133	0.5446809006234139	-1.6606474696530729	1.0;
    0.007487283154990132	0.5477506568921338	-1.675442522291341	1.0;
    0.010583145011752613	0.5502803383378688	-1.6892522761802227	1.0;
    0.013664077826353415	0.5522978980474353	-1.7020813045352823	1.0;
    0.01671827970009379	0.5538274428624346	-1.7139352967799895	1.0;
    0.019736090749034308	0.5548939482826263	-1.7248205419569644	1.0;
    0.022709951009584433	0.5555263272401698	-1.7347435862702665	1.0;
    0.025633914458563795	0.5557577787543364	-1.743711120764464	1.0;
    0.02850304348644813	0.5556237417961671	-1.751729956982201	1.0;
    0.03131292980973435	0.5551587223405915	-1.758807060861909	1.0;
    0.03405948182752956	0.5543934364500467	-1.7649494910672605	1.0;
    0.03673891725938554	0.5533532548280325	-1.7701642813044836	1.0;
    0.03934783949541762	0.5520581700608294	-1.7744582203763364	1.0;
    0.041883266004762144	0.5505236248718357	-1.7778376484500285	1.0;
    0.044342765011502076	0.5487645244268277	-1.7803084350289151	1.0;
    0.04672496333191114	0.5467929646483338	-1.7818757392024904	1.0;
    0.04902866823812209	0.544619170441826	-1.7825437652503908	1.0;
    0.05125232688865387	0.5422523026903382	-1.7823157549178212	1.0;
    0.05339396539022584	0.5397000989282746	-1.7811940124865635	1.0;
    0.0554512944426303	0.5369684087950666	-1.7791799317268848	1.0;
    0.057421837934537416	0.534060874804144	-1.7762739919012265	1.0;
    0.05930302505669605	0.5309788760156237	-1.7724757232147113	1.0;
    0.06108727367591835	0.5301845937883267	-1.767827072914452	1.0;
    0.06278067115008802	0.5286567108069293	-1.762273117589184	1.0;
    0.064379097814104	0.5269942649715703	-1.7558196370118366	1.0;
    0.0658801481006698	0.5251995992497497	-1.7484610272556116	1.0;
    0.06728181877315129	0.5231914604729976	-1.7401890384901255	1.0;
    0.06831495184532034	0.5208480514546772	-1.7309948681218854	1.0;
    0.06830738912879798	0.5182039532714705	-1.7208694337995563	1.0;
    0.06764239563049129	0.5156545294573639	-1.7098099586805453	1.0;
    0.06661944003474539	0.5126202324951096	-1.6977923724895414	1.0;
    0.06556220446477976	0.5093374195592357	-1.6848129980706237	1.0;
    0.0647667995937742	0.5057413607153115	-1.6708658058740473	1.0;
    0.06446967774796374	0.5018823495085152	-1.6559467725960617	1.0;
    0.06481293727472806	0.49772468321552366	-1.6400494390223934	1.0;
